0.0                           -0.12
0.2727272727272727                           0.2693589075355986
0.5454545454545454                           0.5588067311586273
0.8181818181818182                           0.8699042197100738
1.0909090909090908                           0.8470469892594562
1.3636363636363635                           0.8786190034210545
1.6363636363636365                           0.9778512339318114
1.9090909090909092                           1.0433220290667884
2.1818181818181817                           0.8190622025224277
2.4545454545454546                           0.5142570745687081
2.727272727272727                           0.48256749066949656
3.0                           0.1011200080598672
3.272727272727273                           -0.21075910403597548
3.5454545454545454                           -0.4729724674969831
3.8181818181818183                           -0.6061371989775246
4.090909090909091                           -0.813017697930967
4.363636363636363                           -0.9397997069030878
4.636363636363637                           -0.8771114652109238
4.909090909090909                           -0.9807164720485992
5.181818181818182                           -0.8318266497824018
