0.0   -0.24937086543162235
0.01   -0.22876522174715322
0.02   -0.2083524301120099
0.03   -0.18813186115495942
0.04   -0.16810288550476882
0.05   -0.14826487379020512
0.060000000000000005   -0.12861719664003532
0.07   -0.10915922468302648
0.08   -0.08989032854794567
0.09   -0.07080987886355991
0.09999999999999999   -0.05191724625863619
0.10999999999999999   -0.033211801361941566
0.11999999999999998   -0.014692914802243068
0.12999999999999998   0.0036400427916922625
0.13999999999999999   0.021787700791097396
0.15   0.0397506885672053
0.16   0.05752963549124901
0.17   0.07512517093446135
0.18000000000000002   0.09253792426807544
0.19000000000000003   0.10976852486332409
0.20000000000000004   0.12681760209144038
0.21000000000000005   0.14368578532365728
0.22000000000000006   0.16037370393120767
0.23000000000000007   0.17688198728532456
0.24000000000000007   0.19321126475724099
0.25000000000000006   0.20936216571818977
0.26000000000000006   0.22533531953940406
0.2700000000000001   0.24113135559211663
0.2800000000000001   0.2567509032475606
0.2900000000000001   0.2721945918769689
0.3000000000000001   0.2874630508515744
0.3100000000000001   0.30255690954261033
0.3200000000000001   0.3174767973213094
0.3300000000000001   0.3322233435589046
0.34000000000000014   0.34679717762662887
0.35000000000000014   0.3611989288957154
0.36000000000000015   0.37542922673739704
0.37000000000000016   0.3894887005229065
0.38000000000000017   0.4033779796234772
0.3900000000000002   0.41709769341034186
0.4000000000000002   0.4306484712547334
0.4100000000000002   0.4440309425278849
0.4200000000000002   0.4572457366010293
0.4300000000000002   0.47029348284539946
0.4400000000000002   0.48317481063222856
0.45000000000000023   0.4958903493327494
0.46000000000000024   0.508440728318195
0.47000000000000025   0.5208265769597983
0.48000000000000026   0.5330485246287923
0.49000000000000027   0.54510720069641
0.5000000000000002   0.5570032345338841
0.5100000000000002   0.5687372555124481
0.5200000000000002   0.5803098930033346
0.5300000000000002   0.5917217763777767
0.5400000000000003   0.6029735350070068
0.5500000000000003   0.6140657982622588
0.5600000000000003   0.6249991955147652
0.5700000000000003   0.635774356135759
0.5800000000000003   0.6463919094964732
0.5900000000000003   0.6568524849681406
0.6000000000000003   0.6671567119219941
0.6100000000000003   0.6773052197292674
0.6200000000000003   0.6872986377611926
0.6300000000000003   0.6971375953890031
0.6400000000000003   0.7068227219839317
0.6500000000000004   0.7163546469172114
0.6600000000000004   0.7257339995600752
0.6700000000000004   0.7349614092837558
0.6800000000000004   0.7440375054594868
0.6900000000000004   0.7529629174585009
0.7000000000000004   0.7617382746520307
0.7100000000000004   0.7703642064113095
0.7200000000000004   0.7788413421075704
0.7300000000000004   0.787170311112046
0.7400000000000004   0.7953517427959695
0.7500000000000004   0.8033862665305739
0.7600000000000005   0.811274511687092
0.7700000000000005   0.8190171076367566
0.7800000000000005   0.8266146837508013
0.7900000000000005   0.8340678694004584
0.8000000000000005   0.8413772939569608
0.8100000000000005   0.8485435867915422
0.8200000000000005   0.8555673772754353
0.8300000000000005   0.8624492947798729
0.8400000000000005   0.869189968676088
0.8500000000000005   0.8757900283353135
0.8600000000000005   0.8822501031287825
0.8700000000000006   0.8885708224277279
0.8800000000000006   0.8947528156033827
0.8900000000000006   0.9007967120269798
0.9000000000000006   0.9067031410697522
0.9100000000000006   0.9124727321029331
0.9200000000000006   0.9181061144977546
0.9300000000000006   0.9236039176254508
0.9400000000000006   0.9289667708572542
0.9500000000000006   0.9341953035643976
0.9600000000000006   0.9392901451181144
0.9700000000000006   0.944251924889637
0.9800000000000006   0.9490812722501989
0.9900000000000007   0.9537788165710327
1.0000000000000007   0.9583451872233715
1.0100000000000007   0.9627810135784483
1.0200000000000007   0.9670869250074959
1.0300000000000007   0.9712635508817474
1.0400000000000007   0.9753115205724358
1.0500000000000007   0.979231463450794
1.0600000000000007   0.9830240088880552
1.0700000000000007   0.9866897862554518
1.0800000000000007   0.9902294249242167
1.0900000000000007   0.993643554265584
1.1000000000000008   0.996932803650786
1.1100000000000008   1.0000978024510556
1.1200000000000008   1.0031391800376257
1.1300000000000008   1.0060575657817292
1.1400000000000008   1.0088535890545993
1.1500000000000008   1.0115278792274691
1.1600000000000008   1.014081065671571
1.1700000000000008   1.0165137777581388
1.1800000000000008   1.0188266448584047
1.1900000000000008   1.021020296343602
1.2000000000000008   1.0230953615849638
1.2100000000000009   1.0250524699537222
1.2200000000000009   1.0268922508211111
1.2300000000000009   1.0286153335583639
1.2400000000000009   1.0302223475367125
1.2500000000000009   1.0317139221273903
1.260000000000001   1.03309068670163
1.270000000000001   1.0343532706306653
1.280000000000001   1.0355023032857282
1.290000000000001   1.0365384140380525
1.300000000000001   1.0374622322588707
1.310000000000001   1.0382743873194158
1.320000000000001   1.0389755085909207
1.330000000000001   1.0395662254446187
1.340000000000001   1.0400471672517422
1.350000000000001   1.0404189633835248
1.360000000000001   1.0406822432111995
1.370000000000001   1.0408376361059986
1.380000000000001   1.0408857714391557
1.390000000000001   1.0408272785819035
1.400000000000001   1.0406627869054748
1.410000000000001   1.0403929257811027
1.420000000000001   1.04001832458002
1.430000000000001   1.0395396126734606
1.440000000000001   1.0389574194326565
1.450000000000001   1.0382723742288404
1.460000000000001   1.0374851064332458
1.470000000000001   1.036596245417106
1.480000000000001   1.0356064205516535
1.490000000000001   1.034516261208122
1.500000000000001   1.033326396757743
1.5100000000000011   1.0320374565717507
1.5200000000000011   1.0306500700213777
1.5300000000000011   1.0291648664778568
1.5400000000000011   1.0275824753124212
1.5500000000000012   1.025903525896304
1.5600000000000012   1.0241286476007374
1.5700000000000012   1.0222584697969554
1.5800000000000012   1.0202936218561904
1.5900000000000012   1.018234733149675
1.6000000000000012   1.0160824330486427
1.6100000000000012   1.0138373509243273
1.6200000000000012   1.01150011614796
1.6300000000000012   1.0090713580907753
1.6400000000000012   1.0065517061240048
1.6500000000000012   1.0039417896188825
1.6600000000000013   1.0012422379466406
1.6700000000000013   0.9984536804785131
1.6800000000000013   0.9955767465857319
1.6900000000000013   0.9926120656395304
1.7000000000000013   0.9895602670111419
1.7100000000000013   0.986421980071799
1.7200000000000013   0.9831978341927345
1.7300000000000013   0.9798884587451822
1.7400000000000013   0.9764944831003737
1.7500000000000013   0.9730165366295432
1.7600000000000013   0.9694552487039231
1.7700000000000014   0.9658112486947468
1.7800000000000014   0.9620851659732463
1.7900000000000014   0.9582776299106557
1.8000000000000014   0.9543892698782068
1.8100000000000014   0.9504207152471341
1.8200000000000014   0.9463725953886691
1.8300000000000014   0.9422455396740453
1.8400000000000014   0.9380401774744962
1.8500000000000014   0.9337571381612537
1.8600000000000014   0.9293970511055517
1.8700000000000014   0.9249605456786227
1.8800000000000014   0.9204482512517003
1.8900000000000015   0.9158607971960168
1.9000000000000015   0.9111988128828051
1.9100000000000015   0.9064629276832985
1.9200000000000015   0.9016537709687298
1.9300000000000015   0.8967719721103323
1.9400000000000015   0.8918181604793386
1.9500000000000015   0.8867929654469808
1.9600000000000015   0.8816970163844945
1.9700000000000015   0.8765309426631097
1.9800000000000015   0.8712953736540618
1.9900000000000015   0.8659909387285818
2.0000000000000013   0.8606182672579035
2.010000000000001   0.8551779886132606
2.020000000000001   0.849670732165885
2.0300000000000007   0.8440971272870103
2.0400000000000005   0.8384578033478689
2.0500000000000003   0.8327533897196935
2.06   0.8269845157737186
2.07   0.8211518108811752
2.0799999999999996   0.8152559044132979
2.0899999999999994   0.8092974257413199
2.099999999999999   0.8032770042364721
2.109999999999999   0.7971952692699878
2.1199999999999988   0.7910528502131026
2.1299999999999986   0.7848503764370458
2.1399999999999983   0.7785884773130538
2.149999999999998   0.772267782212358
2.159999999999998   0.7658889205061914
2.1699999999999977   0.7594525215657859
2.1799999999999975   0.752959214762376
2.1899999999999973   0.7464096294671945
2.199999999999997   0.7398043950514737
2.209999999999997   0.7331441408864479
2.2199999999999966   0.7264294963433489
2.2299999999999964   0.7196610907934089
2.239999999999996   0.7128395536078624
2.249999999999996   0.7059655141579411
2.259999999999996   0.6990396018148792
2.2699999999999956   0.6920624459499094
2.2799999999999954   0.6850346759342638
2.289999999999995   0.6779569211391754
2.299999999999995   0.6708298109358792
2.3099999999999947   0.6636539746956067
2.3199999999999945   0.6564300417895899
2.3299999999999943   0.6491586415890624
2.339999999999994   0.6418404034652585
2.349999999999994   0.6344759567894098
2.3599999999999937   0.6270659309327498
2.3699999999999934   0.619610955266511
2.3799999999999932   0.6121116591619278
2.389999999999993   0.6045686719902308
2.399999999999993   0.5969826231226549
2.4099999999999926   0.5893541419304316
2.4199999999999924   0.5816838577847954
2.429999999999992   0.5739724000569775
2.439999999999992   0.5662203981182135
2.4499999999999917   0.5584284813397336
2.4599999999999915   0.5505972790927709
2.4699999999999913   0.5427274207485604
2.479999999999991   0.5348195356783338
2.489999999999991   0.526874253253325
2.4999999999999907   0.5188922028447656
2.5099999999999905   0.5108740138238899
2.5199999999999902   0.5028203155619297
2.52999999999999   0.4947317374301188
2.53999999999999   0.4866089087996899
2.5499999999999896   0.4784524590418757
2.5599999999999894   0.470263017527909
2.569999999999989   0.46204121362902306
2.579999999999989   0.4537876767164526
2.5899999999999888   0.4455030361614274
2.5999999999999885   0.43718792133518236
2.6099999999999883   0.4288429616089502
2.619999999999988   0.4204687863539627
2.629999999999988   0.41206602494145517
2.6399999999999877   0.4036353067426579
2.6499999999999875   0.3951772611288056
2.6599999999999873   0.3866925174711311
2.669999999999987   0.3781817051408676
2.679999999999987   0.3696454535092468
2.6899999999999866   0.3610843919475033
2.6999999999999864   0.3524991498268686
2.709999999999986   0.3438903565185756
2.719999999999986   0.33525864139385897
2.7299999999999858   0.3266046338239512
2.7399999999999856   0.3179289631800839
2.7499999999999853   0.30923225883349126
2.759999999999985   0.30051515015540486
2.769999999999985   0.29177826651705896
2.7799999999999847   0.2830222372896869
2.7899999999999845   0.27424769184452114
2.7999999999999843   0.2654552595527937
2.809999999999984   0.2566455697857388
2.819999999999984   0.24781925191458765
2.8299999999999836   0.2389769353105753
2.8399999999999834   0.23011924934493555
2.849999999999983   0.22124682338889778
2.859999999999983   0.21236028681369712
2.869999999999983   0.2034602689905678
2.8799999999999826   0.1945473992907396
2.8899999999999824   0.1856223070854477
2.899999999999982   0.17668562174592317
2.909999999999982   0.1677379726434034
2.9199999999999817   0.15877998914911595
2.9299999999999815   0.14981230063429818
2.9399999999999813   0.14083553647018077
2.949999999999981   0.13185032602799485
2.959999999999981   0.12285729867897732
2.9699999999999807   0.113857083794358
2.9799999999999804   0.10485031074537154
2.9899999999999802   0.0958376089032491
2.99999999999998   0.08681960763922669
3.00999999999998   0.0777969363245381
3.0199999999999796   0.06877022433040958
3.0299999999999794   0.059740101028080694
3.039999999999979   0.050707195788781245
3.049999999999979   0.041672137983745916
3.0599999999999787   0.03263555698420717
3.0699999999999785   0.02359808216139747
3.0799999999999783   0.014560342886548394
3.089999999999978   0.005522968530895067
3.099999999999978   -0.0035134115343291583
3.1099999999999777   -0.012548167937893151
3.1199999999999775   -0.02158067130856045
3.1299999999999772   -0.030610292275103923
3.139999999999977   -0.039636401466287996
3.149999999999977   -0.04865836951087665
3.1599999999999766   -0.057675567037640096
3.1699999999999764   -0.0666873646753472
3.179999999999976   -0.07569313305275882
3.189999999999976   -0.08469224279864784
3.1999999999999758   -0.09368406454177913
3.2099999999999755   -0.10266796891091845
3.2199999999999753   -0.11164332653483333
3.229999999999975   -0.12060950804229265
3.239999999999975   -0.12956588406206349
3.2499999999999747   -0.13851182522291028
3.2599999999999745   -0.14744670215360278
3.2699999999999743   -0.15636988548290365
3.279999999999974   -0.1652807458395853
3.289999999999974   -0.17417865385241216
3.2999999999999736   -0.18306298015015354
3.3099999999999734   -0.19193309536157166
3.319999999999973   -0.2007883701154367
3.329999999999973   -0.20962817504051756
3.3399999999999728   -0.2184518807655782
3.3499999999999726   -0.22725885791938572
3.3599999999999723   -0.2360484771307081
3.369999999999972   -0.2448201090283133
3.379999999999972   -0.25357312424096534
3.3899999999999717   -0.26230689339743574
3.3999999999999715   -0.2710207871264876
3.4099999999999713   -0.2797141760568884
3.419999999999971   -0.2883864308174058
3.429999999999971   -0.29703692203680987
3.4399999999999706   -0.3056650203438629
3.4499999999999704   -0.31427009636733594
3.45999999999997   -0.3228515207359939
3.46999999999997   -0.3314086640786007
3.47999999999997   -0.33994089702392927
3.4899999999999696   -0.34844759020074356
3.4999999999999694   -0.3569281142378111
3.509999999999969   -0.3653818397638977
3.519999999999969   -0.3738081374077735
3.5299999999999687   -0.3822063777982043
3.5399999999999685   -0.390575931563955
3.5499999999999683   -0.3989161693337939
3.559999999999968   -0.4072264617364878
3.569999999999968   -0.41550617940080503
3.5799999999999677   -0.42375469295551227
3.5899999999999674   -0.4319713730293744
3.5999999999999672   -0.4401555902511616
3.609999999999967   -0.44830671524963694
3.619999999999967   -0.45642411865357246
3.6299999999999666   -0.4645071710917321
3.6399999999999664   -0.47255524319288256
3.649999999999966   -0.48056770558579043
3.659999999999966   -0.4885439288992268
3.6699999999999657   -0.4964832837619557
3.6799999999999655   -0.5043851408027438
3.6899999999999653   -0.5122488706503576
3.699999999999965   -0.5200738439335675
3.709999999999965   -0.5278594312811355
3.7199999999999647   -0.5356050033218329
3.7299999999999645   -0.5433099306844253
3.7399999999999642   -0.5509735839976804
3.749999999999964   -0.5585953338903629
3.759999999999964   -0.566174550991243
3.7699999999999636   -0.5737106059290857
3.7799999999999634   -0.5812028693326594
3.789999999999963   -0.5886507118307289
3.799999999999963   -0.5960535040520618
3.8099999999999627   -0.6034106166254256
3.8199999999999625   -0.6107214201795896
3.8299999999999623   -0.6179852853433196
3.839999999999962   -0.6252015827453805
3.849999999999962   -0.6323696830145416
3.8599999999999617   -0.6394889567795685
3.8699999999999615   -0.6465587746692272
3.8799999999999613   -0.6535785073122895
3.889999999999961   -0.6605475253375177
3.899999999999961   -0.667465199373682
3.9099999999999606   -0.6743309000495445
3.9199999999999604   -0.6811439979938765
3.92999999999996   -0.6879038638354453
3.93999999999996   -0.6946098682030168
3.9499999999999598   -0.7012613817253586
3.9599999999999596   -0.7078577750312363
3.9699999999999593   -0.7143984187494183
3.979999999999959   -0.7208826835086688
3.989999999999959   -0.7273099399377605
3.9999999999999587   -0.733679558665453
4.009999999999959   -0.73999091032052
4.019999999999959   -0.7462433655317264
4.0299999999999585   -0.7524362949278389
4.039999999999958   -0.7585690691376206
4.049999999999958   -0.7646410587898433
4.059999999999958   -0.7706516345132783
4.069999999999958   -0.7766001669366833
4.079999999999957   -0.7824860266888285
4.089999999999957   -0.7883085843984832
4.099999999999957   -0.7940672106944131
4.109999999999957   -0.799761276205385
4.119999999999957   -0.8053901515601716
4.129999999999956   -0.8109532073875254
4.139999999999956   -0.8164498143162264
4.149999999999956   -0.8218793429750386
4.159999999999956   -0.8272411639927277
4.1699999999999555   -0.832534647998064
4.179999999999955   -0.8377591656198078
4.189999999999955   -0.8429140874867285
4.199999999999955   -0.847998784227598
4.209999999999955   -0.8530126264711821
4.2199999999999545   -0.8579549848462378
4.229999999999954   -0.8628252299815484
4.239999999999954   -0.8676227325058701
4.249999999999954   -0.8723468630479712
4.259999999999954   -0.8769969922366201
4.269999999999953   -0.8815724907005826
4.279999999999953   -0.8860727290686263
4.289999999999953   -0.8904970779695205
4.299999999999953   -0.8948449080320326
4.3099999999999525   -0.8991155898849286
4.319999999999952   -0.9033084941569758
4.329999999999952   -0.9074229914769347
4.339999999999952   -0.9114584524735765
4.349999999999952   -0.9154142477756686
4.3599999999999515   -0.9192897480119839
4.369999999999951   -0.9230843238112794
4.379999999999951   -0.9267973458023295
4.389999999999951   -0.9304281846139002
4.399999999999951   -0.9339762108747571
4.40999999999995   -0.9374407952136661
4.41999999999995   -0.9408213082593928
4.42999999999995   -0.9441171206407084
4.43999999999995   -0.947327602986384
4.4499999999999496   -0.9504521259251728
4.459999999999949   -0.9534900600858567
4.469999999999949   -0.9564407760971871
4.479999999999949   -0.9593036445879459
4.489999999999949   -0.9620780361868935
4.4999999999999485   -0.9647633215227991
4.509999999999948   -0.9673588712244268
4.519999999999948   -0.9698640559205423
4.529999999999948   -0.972278246239922
4.539999999999948   -0.9746008128113193
4.549999999999947   -0.9768311262635141
4.559999999999947   -0.9789685572252615
4.569999999999947   -0.9810124763253398
4.579999999999947   -0.982962254192504
4.589999999999947   -0.9848172614555395
4.599999999999946   -0.9865768687431942
4.609999999999946   -0.9882404466842463
4.619999999999946   -0.9898073659074527
4.629999999999946   -0.9912769970415933
4.6399999999999455   -0.9926487107154234
4.649999999999945   -0.9939218775577192
4.659999999999945   -0.9950958681972395
4.669999999999945   -0.996170053262766
4.679999999999945   -0.9971438033830466
4.689999999999944   -0.9980164891868633
4.699999999999944   -0.9987874813029727
4.709999999999944   -0.9994561503601442
4.719999999999944   -1.0000218669871526
4.729999999999944   -1.0004840018127563
4.739999999999943   -1.0008419254657284
4.749999999999943   -1.0010950085748274
4.759999999999943   -1.0012426217688297
4.769999999999943   -1.0012841356764959
4.7799999999999425   -1.0012189209266005
4.789999999999942   -1.0010463481479004
4.799999999999942   -1.000765787969172
4.809999999999942   -1.0003766110191705
4.819999999999942   -0.9998781879266776
4.8299999999999415   -0.9992698893204519
4.839999999999941   -0.9985510858292592
4.849999999999941   -0.9977211480818742
4.859999999999941   -0.9967794467070572
4.869999999999941   -0.9957253523335723
4.87999999999994   -0.9945582355901905
4.88999999999994   -0.9932774671056865
4.89999999999994   -0.9918824175088155
4.90999999999994   -0.9903724574283537
4.9199999999999395   -0.9887469574930599
4.929999999999939   -0.9870052883317069
4.939999999999939   -0.9851468205730534
4.949999999999939   -0.9831709248458811
4.959999999999939   -0.9810769717789469
4.9699999999999385   -0.978864332001022
4.979999999999938   -0.9765323761408649
4.989999999999938   -0.9740804748272502
4.999999999999938   -0.9715079986889474
5.009999999999938   -0.9688143183547187
5.019999999999937   -0.9659988044533332
5.029999999999937   -0.963060827613555
5.039999999999937   -0.9599997584641535
5.049999999999937   -0.9568149676338944
5.0599999999999365   -0.9535058257515434
5.069999999999936   -0.9500717034458752
5.079999999999936   -0.9465119713456467
5.089999999999936   -0.9428260000796289
5.099999999999936   -0.9390131602765965
5.1099999999999355   -0.9350728225653047
5.119999999999935   -0.9310043575745262
5.129999999999935   -0.926807135933025
5.139999999999935   -0.9224805282695758
5.149999999999935   -0.918023905212932
5.159999999999934   -0.9134366373918787
5.169999999999934   -0.9087180954351677
5.179999999999934   -0.9038676499715752
5.189999999999934   -0.8988846716298564
5.199999999999934   -0.8937685310387913
5.209999999999933   -0.8885185988271438
5.219999999999933   -0.8831342456236708
5.229999999999933   -0.8776148420571612
5.239999999999933   -0.8719597587563612
5.2499999999999325   -0.8661683663500455
5.259999999999932   -0.8602400354669797
5.269999999999932   -0.8541741367359297
5.279999999999932   -0.8479700407856701
5.289999999999932   -0.8416271182449648
5.299999999999931   -0.8351447397425691
5.309999999999931   -0.8285222759072646
5.319999999999931   -0.8217590973678117
5.329999999999931   -0.8148545747529816
5.339999999999931   -0.80780807869154
5.34999999999993   -0.8006189798122527
5.35999999999993   -0.7932866487438801
5.36999999999993   -0.785810456115204
5.37999999999993   -0.7781897725549776
5.3899999999999295   -0.7704239686919756
5.399999999999929   -0.7625124151549656
5.409999999999929   -0.754454482572708
5.419999999999929   -0.7462495415739774
5.429999999999929   -0.7378969627875307
5.4399999999999284   -0.7293961168421461
5.449999999999928   -0.7207463743665876
5.459999999999928   -0.7119471059896192
5.469999999999928   -0.7029976823400084
5.479999999999928   -0.6938974740465262
5.489999999999927   -0.6846458517379332
5.499999999999927   -0.675242186043004
5.509999999999927   -0.6656858475904954
5.519999999999927   -0.6559762070091892
5.5299999999999265   -0.6461126349278352
5.539999999999926   -0.6360945019752151
5.549999999999926   -0.6259211787800893
5.559999999999926   -0.6155920359712219
5.569999999999926   -0.6051064441773875
5.5799999999999255   -0.59446377402735
5.589999999999925   -0.583663396149877
5.599999999999925   -0.5727046811737253
5.609999999999925   -0.5615869997276732
5.619999999999925   -0.5503097224404847
5.629999999999924   -0.5388722199409379
5.639999999999924   -0.5272738628577756
5.649999999999924   -0.5155140218197864
5.659999999999924   -0.5035920674557239
5.6699999999999235   -0.49150737039436976
5.679999999999923   -0.4792593012644737
5.689999999999923   -0.46684723069482104
5.699999999999923   -0.454270529314158
5.709999999999923   -0.4415285677512628
5.7199999999999225   -0.4286207166349101
5.729999999999922   -0.4155463465938496
5.739999999999922   -0.40230482825686664
5.749999999999922   -0.38889553225271456
5.759999999999922   -0.3753178292101609
5.769999999999921   -0.3615710897579838
5.779999999999921   -0.3476546845249473
5.789999999999921   -0.3335679841398047
5.799999999999921   -0.3193103592313413
5.809999999999921   -0.30488118042831047
5.81999999999992   -0.2902798183594868
5.82999999999992   -0.2755056436536272
5.83999999999992   -0.26055802693950625
5.84999999999992   -0.2454363388459022
5.8599999999999195   -0.23013995000156484
5.869999999999919   -0.21466823103526878
5.879999999999919   -0.1990205525757851
5.889999999999919   -0.1831962852518707
5.899999999999919   -0.16719479969230022
5.909999999999918   -0.15101546652583053
5.919999999999918   -0.13465765638123273
5.929999999999918   -0.11812073988729566
5.939999999999918   -0.10140408767275133
5.949999999999918   -0.0845070703663815
5.959999999999917   -0.06742905859696435
5.969999999999917   -0.050169422993260326
5.979999999999917   -0.03272753418402985
5.989999999999917   -0.015102762798040459
5.9999999999999165   0.002705520535940309
6.009999999999916   0.02069794518913426
6.019999999999916   0.03887514053278096
6.029999999999916   0.05723773593812709
6.039999999999916   0.07578636077638379
6.0499999999999154   0.09452164441880484
6.059999999999915   0.11344421623659784
6.069999999999915   0.13255470560102012
6.079999999999915   0.15185374188329348
6.089999999999915   0.17134195445464684
6.099999999999914   0.19101997268632687
6.109999999999914   0.21088842594954826
6.119999999999914   0.23094794361555415
6.129999999999914   0.25119915505558765
6.1399999999999135   0.27164268964086347
6.149999999999913   0.29227917674262827
6.159999999999913   0.3131092457321074
6.169999999999913   0.3341335259805227
6.179999999999913   0.3553526468591386
6.1899999999999125   0.3767672377391591
6.199999999999912   0.39837792799183447
6.209999999999912   0.42018534698838295
6.219999999999912   0.44219012410005476
6.229999999999912   0.46439288869806106
6.239999999999911   0.48679427015365206
6.249999999999911   0.5093948978380567
6.259999999999911   0.5321954011225039
6.269999999999911   0.5551964093782367
6.2799999999999105   0.5783985519764805
6.28999999999991   0.6018024582884607
6.29999999999991   0.6254087576854346
6.30999999999991   0.6492180795386098
6.31999999999991   0.6732310532192223
6.3299999999999095   0.6974483080985117
6.339999999999909   0.7218704735477246
6.349999999999909   0.7464981789380616
6.359999999999909   0.771332053640787
6.369999999999909   0.7963727270271157
6.379999999999908   0.82162082846828
6.389999999999908   0.8470769873355373
6.399999999999908   0.8727418330000845
6.409999999999908   0.8986159948331824
6.419999999999908   0.9247001022060459
6.429999999999907   0.950994784489918
6.439999999999907   0.9775006710560277
6.449999999999907   1.0042183912756144
6.459999999999907   1.0311485745199
6.4699999999999065   1.0582918501601313
6.479999999999906   1.0856488475675263
6.489999999999906   1.113220196113332
6.499999999999906   1.1410065251687662
6.509999999999906   1.169008464105076
6.519999999999905   1.19722664229349
6.529999999999905   1.2256616891052339
6.539999999999905   1.254314233911547
6.549999999999905   1.283184906083676
6.559999999999905   1.3122743349928214
6.569999999999904   1.3415831500102442
6.579999999999904   1.371111980507159
6.589999999999904   1.4008614558548125
6.599999999999904   1.4308322054244371
6.6099999999999035   1.4610248585872618
6.619999999999903   1.491440044714512
6.629999999999903   1.5220783931774378
6.639999999999903   1.5529405333472504
6.649999999999903   1.5840270945952
6.659999999999902   1.615338706292512
6.669999999999902   1.6468759978104224
6.679999999999902   1.6786395985201636
6.689999999999902   1.7106301377929682
6.699999999999902   1.7428482450000686
6.709999999999901   1.7752945495127008
6.719999999999901   1.8079696807020866
6.729999999999901   1.8408742679394798
6.739999999999901   1.8740089405960951
6.7499999999999005   1.9073743280431756
6.7599999999999   1.9409710596519503
6.7699999999999   1.9747997647936515
6.7799999999999   2.008861072839494
6.7899999999999   2.043155613160753
6.7999999999998995   2.077684015128632
6.809999999999899   2.1124469081143644
6.819999999999899   2.147444921489189
6.829999999999899   2.1826786846243493
6.839999999999899   2.2181488268910563
6.849999999999898   2.2538559776605567
6.859999999999898   2.28980076630409
6.869999999999898   2.325983822192864
6.879999999999898   2.362405774698132
6.8899999999998975   2.3990672531911343
6.899999999999897   2.4359688870430745
6.909999999999897   2.473111305625217
6.919999999999897   2.5104951383087837
6.929999999999897   2.5481210144649964
6.9399999999998965   2.5859895634651053
6.949999999999896   2.624101414680311
6.959999999999896   2.662457197481892
6.969999999999896   2.701057541241049
6.979999999999896   2.739903075329039
6.989999999999895   2.77899442911707
